0 0.6406984933460076 0.7249683146387832 0.4971623716730038 0.73453738878327 0.49567666539923955 0.9351077309885931 0.6392127870722434 0.9255386568441064 0.6406984933460076 0.7249683146387832
0 0.5913885370722434 0.5838403041825095 0.44880298574144484 0.5933460076045628 0.4477397547528517 0.7368821292775666 0.5903253060836502 0.7273764258555133 0.5913885370722434 0.5838403041825095
0 0.3800591463878327 0.7670468944866919 0.2241656102661597 0.7774397975285171 0.22352485551330797 0.8639416986692016 0.379418391634981 0.8535487956273764 0.3800591463878327 0.7670468944866919
0 0.6731094211026617 0.1974017747148289 0.4240599914448669 0.21400506939163497 0.421489930608365 0.560963244296578 0.6705393602661597 0.5443599496197719 0.6731094211026617 0.1974017747148289
0 0 0.7287274096958174 0.15239402946768063 0.7185678070342205 0.1539360655893536 0.5103929020912547 0 0.5206553070342205 0 0.7287274096958174
0 0.33248838212927756 0.6476552595057035 0.1651880019011407 0.6588086188212928 0.1644416283269962 0.7595690750950571 0.3317420085551331 0.7484157157794677 0.33248838212927756 0.6476552595057035
0 0.3345092243346008 0.5031051967680609 0.16055485171102662 0.5147021549429658 0.15974510646387832 0.624017744296578 0.33369947908745246 0.6124207861216729 0.3345092243346008 0.5031051967680609
0 0.5061329391634981 0.16482889733840306 0.3464371216730038 0.17547528517110267 0.34465568250950573 0.41596958174904947 0.5043515 0.4053231939163498 0.5061329391634981 0.16482889733840306
0 0.5671243488593156 0.39638783269961975 0.4435502043726236 0.40462610931558934 0.44240951996197714 0.5586185047528517 0.5659836644486692 0.5503802281368821 0.5671243488593156 0.39638783269961975
0 0.2681453317490494 0.35551330798479086 0.09133924809885931 0.3673003802281369 0.09050133745247149 0.48041825095057034 0.2673074211026616 0.4686311787072243 0.2681453317490494 0.35551330798479086
0 0.2927545418250951 0.2398605826996198 0.21861005513307985 0.24480354847908747 0.21820166159695817 0.29993662832699625 0.29234614828897343 0.2949936625475285 0.2927545418250951 0.2398605826996198