0 0.6480550183752418 0.49203381334622825 0.5542445735009671 0.49064402901353965 0.5568235551257253 0.6066981876208898 0.6506339999999999 0.6080879719535783 0.6480550183752418 0.49203381334622825
0 0.7365570599613153 0.1675334912959381 0.5276595744680851 0.16443871373307542 0.5378465502901354 0.6228526402321083 0.7467440357833656 0.625947417794971 0.7365570599613153 0.1675334912959381
0 0.7816677408123791 0.5442868404255319 0.6685149361702128 0.542610501934236 0.671523748549323 0.6780070203094778 0.7846765531914893 0.6796833588007737 0.7816677408123791 0.5442868404255319
0 0.9943262408123791 0.5426033384912959 0.8705351382978723 0.5407693965183753 0.8738018481624759 0.687771330754352 0.9975929506769826 0.6896052727272728 0.9943262408123791 0.5426033384912959
0 0.3695465290135396 0.48887456092843323 0.2679991402321083 0.4873701557059961 0.2709864603481625 0.6217995560928433 0.3725338491295938 0.6233039613152805 0.3695465290135396 0.48887456092843323
0 0.015409412959381044 0.6934235976789168 0.1285622176015474 0.6950999352030948 0.12557489748549325 0.5606705348162476 0.012422092843326885 0.5589941972920697 0.015409412959381044 0.6934235976789168
0 0.4620459922630561 0.21374023887814314 0.322781001934236 0.21167705415860735 0.3291424883945841 0.49794397872340423 0.4684074787234042 0.5000071634429399 0.4620459922630561 0.21374023887814314
0 1 0.6355001557059962 0.7488072214700193 0.6317787804642166 0.7531055232108317 0.8252023781431335 1 0.8288600744680852 1 0.6355001557059962
0 0.3723834081237911 0.1814743172147002 0.16251880464216634 0.17836521276595746 0.17236191682785298 0.6213052514506769 0.38222652030947774 0.6244143558994197 0.3723834081237911 0.1814743172147002
0 0.5589727059961315 0.26835016827853 0.43421448549323016 0.26650189845261124 0.4407264129593811 0.5595386489361702 0.5654846334622824 0.5613869187620889 0.5589727059961315 0.26835016827853
0 0.014549752417794971 0.6547388781431335 0.29017837911025146 0.6588222649903288 0.27975499709864604 0.1897700406189555 0.004126370406189555 0.18568665377176016 0.014549752417794971 0.6547388781431335
0 0.2744465938104449 0.5164696615087041 0.1525897272727273 0.5146643742746615 0.15553406382978724 0.6471595386847195 0.27739093036750484 0.648964825918762 0.2744465938104449 0.5164696615087041