0 1 0.50305669416499 0.8198748048289738 0.49771965090543263 0.8243758853118712 0.6496311197183099 1 0.6548347977867204 1 0.50305669416499
0 0.8217899989939638 0.5962813923541248 0.8173187273641851 0.4453759597585513 0.6654072585513078 0.4408748792756539 0.6698785301810865 0.5917803118712274 0.8217899989939638 0.5962813923541248
0 0.9339145985915492 0.37746478873239436 0.9290260080482897 0.2124748490945674 0.8374767122736418 0.20976227766599598 0.8423653028169014 0.37475221730382297 0.9339145985915492 0.37746478873239436
0 0.6361353309859156 0.6742082122736418 0.6283255090543259 0.41062672334004024 0.2611222897384306 0.3997466277665996 0.2689321116700201 0.6633281167002012 0.6361353309859156 0.6742082122736418
0 0.5442655935613682 0.01612638832997988 0.5474849094567404 0.12477829979879275 0.7678068410462777 0.13130635714285713 0.7645875251509054 0.022654445674044267 0.5442655935613682 0.01612638832997988
0 0.8177062374245473 0.3227587746478873 0.8124599446680081 0.1456964004024145 0.7058201056338028 0.14253670120724346 0.711066398390342 0.3195990754527163 0.8177062374245473 0.3227587746478873
0 0.6738728672032193 0.31950219818913483 0.6684179144869216 0.1353975704225352 0.5527237494969819 0.13196959557344062 0.5581787022132796 0.3160742233400402 0.6738728672032193 0.31950219818913483
0 0.47193531589537224 0.49243609758551304 0.46692749094567404 0.3234220130784708 0.21240032796780683 0.31588046780684104 0.217408152917505 0.4848945523138833 0.47193531589537224 0.49243609758551304
0 0.631850361167002 0.5635144195171026 0.6279752585513079 0.4327297112676056 0.46499739134808854 0.42790073742454726 0.46887249396378267 0.5586854456740443 0.631850361167002 0.5635144195171026
0 0.514814814889336 0.24342350402414487 0.5092704376257545 0.0563007676056338 0.3895521277665996 0.0527535583501006 0.3950965050301811 0.23987629476861166 0.514814814889336 0.24342350402414487
0 0.3334674718309859 0.2631790744466801 0.33114241046277665 0.1847082494969819 0.2727923098591549 0.18297935714285715 0.2751173712273642 0.2614501820925553 0.3334674718309859 0.2631790744466801