0 0.5401658373134328 0.4252294089552239 0.5378109447761193 0.5311995582089553 0.704975123880597 0.5361525701492537 0.7073300164179105 0.4301824208955224 0.5401658373134328 0.4252294089552239
0 0.5538308462686568 0.5495964626865671 0.5511774462686567 0.668999447761194 0.7183416253731343 0.6739524597014925 0.7209950253731343 0.5545494746268657 0.5538308462686568 0.5495964626865671
0 0.5484908791044776 0.31943615223880595 0.5464676611940298 0.41048092835820893 0.6778109447761194 0.41437258208955224 0.6798341626865672 0.32332780597014926 0.5484908791044776 0.31943615223880595
0 0.5119071313432836 0.7559535656716417 0.5091873970149253 0.8783416253731343 0.676351576119403 0.8832946373134328 0.6790713104477611 0.7609065776119404 0.5119071313432836 0.7559535656716417
0 0.4776782746268657 0.07837479253731343 0.47555555522388065 0.17389718059701492 0.6143615253731344 0.17800995074626866 0.6164842447761194 0.08248756268656716 0.4776782746268657 0.07837479253731343
0 0.1155223880597015 0.3797899388059702 0.11084577164179105 0.5902377 0.7033830850746269 0.6077943611940299 0.7080597014925373 0.3973466 0.1155223880597015 0.3797899388059702
0 0.2472305134328358 0.232846876119403 0.24348258656716418 0.40150359253731344 0.6778109447761194 0.41437258208955224 0.6815588716417911 0.24571586567164178 0.2472305134328358 0.232846876119403
0 0.15847429552238806 0.7320398014925372 0.1532669985074627 0.9663681597014926 0.6741625208955224 0.9818021 0.6793698179104477 0.7474737417910448 0.15847429552238806 0.7320398014925372
0 0.43927547462686567 1 0.43950248805970143 0.9897844119402985 0.2693532343283582 0.984742952238806 0.2690141880597015 1 0.43927547462686567 1
0 0.1048756223880597 0.5228524044776119 0.09893864029850746 0.7900165835820895 0.7153565507462686 0.8082808179104477 0.7212935328358209 0.5411166388059702 0.1048756223880597 0.5228524044776119
0 0.1914427865671642 0.054958540298507455 0.18739635223880596 0.23704809253731346 0.614262023880597 0.2496959641791045 0.6183084582089552 0.06760641194029851 0.1914427865671642 0.054958540298507455