0 0.4209486166007905 0.14065290612648224 0.41660079051383403 0.20587029743083005 0.5776679841897233 0.19751866501976284 0.5820158102766798 0.13230127371541503 0.4209486166007905 0.14065290612648224
0 0.2241106719367589 0.8775874693675889 0.2175889328063241 0.9754135563241106 0.3766798418972332 0.9671643972332016 0.383201581027668 0.8693383102766798 0.2241106719367589 0.8775874693675889
0 0.525691699604743 0.6817449861660079 0.5195652173913043 0.7736422193675889 0.7112648221343874 0.7637022401185771 0.717391304347826 0.6718050069169961 0.525691699604743 0.6817449861660079
0 0 0.21073146936758894 0.03629775988142293 0.20884936363636364 0.043280632411067194 0.10410628063241108 0 0.10635046146245059 0 0.21073146936758894
0 0.5440052697628458 0.9683355296442687 0.5479578389328063 0.9090469920948616 0.4787878784584981 0.9126335820158104 0.47483530928853757 0.9719221195652175 0.5440052697628458 0.9683355296442687
0 0.5729907776679842 0.2824476650197629 0.5674571808300395 0.3654516175889328 0.7443346511857707 0.35628019367588937 0.7498682480237154 0.2732762411067194 0.5729907776679842 0.2824476650197629
0 0.19288537549407114 0.828985506916996 0.19051383399209487 0.8645586294466403 0.3407114624505929 0.8567706047430831 0.34308300395256913 0.8211974822134388 0.19288537549407114 0.828985506916996
0 0.6259552045454546 0.7582784367588933 0.6231225296442688 0.8007685553359685 0.6725296442687747 0.7982067045454545 0.6753623191699605 0.7557165859683794 0.6259552045454546 0.7582784367588933
0 0.7218708824110671 0.9591128675889328 0.7235177865612649 0.9344093102766798 0.5891304347826087 0.9413775434782609 0.587483530632411 0.9660811007905139 0.7218708824110671 0.9591128675889328
0 0.4392621867588933 0.9737666521739131 0.44354413735177867 0.9095374031620553 0.3743741768774704 0.913123993083004 0.370092226284585 0.9773532420948617 0.4392621867588933 0.9737666521739131
0 0.6434782608695653 0.45111989426877475 0.6369565217391304 0.5489459812252964 0.8365612648221344 0.5385961057312253 0.8430830039525692 0.44077001877470356 0.6434782608695653 0.45111989426877475