0 0.3811069494382022 0.4234498539325843 0.3836038286516854 0.36727007865168537 0.28622555149812734 0.3614995140449438 0.2837286722846442 0.4176792893258427 0.3811069494382022 0.4234498539325843
0 0.34159384082397004 0.6576848380149813 0.3447565543071161 0.5865237893258427 0.2398876404494382 0.5803093352059925 0.23672492696629213 0.651470383895131 0.34159384082397004 0.6576848380149813
0 0.39215563857677904 0.9564017200374532 0.39423637078651685 0.9095852406367041 0.2968580936329588 0.9038146760299626 0.294777361423221 0.9506311554307116 0.39215563857677904 0.9564017200374532
0 0.6334581769662921 0.4909765571161049 0.6354140655430711 0.4469690664794007 0.5193091966292135 0.44008877808988767 0.5173533080524344 0.4840962687265918 0.6334581769662921 0.4909765571161049
0 0.6274656676029963 0.6258080177902622 0.6301706198501873 0.5649465945692884 0.5159384101123596 0.5581772780898876 0.5132334578651685 0.6190387013108615 0.6274656676029963 0.6258080177902622
0 0.29769038670411985 0.8428422808988765 0.300936329588015 0.7698085730337079 0.1951310861423221 0.7635386320224719 0.19188514325842698 0.8365723398876405 0.29769038670411985 0.8428422808988765
0 0.338888888576779 0.25384241947565545 0.3418019138576779 0.18829934831460673 0.2406783183520599 0.18230683895131086 0.23776529307116107 0.24784991011235957 0.338888888576779 0.25384241947565545
0 0.43888888857677905 0.15837841573033706 0.4411776947565543 0.10688028838951312 0.34379941760299626 0.10110972378277154 0.341510611423221 0.1526078511235955 0.43888888857677905 0.15837841573033706
0 0.2769454850187266 0.7392842284644195 0.27977528089887643 0.6756138164794008 0.1758426966292135 0.6694548483146067 0.17301290074906367 0.7331252602996254 0.2769454850187266 0.7392842284644195
0 0.39975031179775283 0.9756276872659176 0.400832293071161 0.9512831179775281 0.353079484082397 0.9484533220973782 0.3519975028089888 0.9727978913857678 0.39975031179775283 0.9756276872659176
0 0.3230129007490637 0.33645443164794003 0.3259675402621723 0.26997503089887637 0.2295255926966292 0.2642599531835206 0.2265709531835206 0.33073935393258425 0.3230129007490637 0.33645443164794003