0 0.6930327868852458 0.6743852459016394 0.6315573770491804 0.6725637520491804 0.6362932602459017 0.7791211290983607 0.6977686700819673 0.7809426229508197 0.6930327868852458 0.6743852459016394
0 0.4526411659836066 0.6989829989754098 0.3747723135245902 0.6966757745901639 0.37987249590163935 0.8114298729508197 0.4577413483606558 0.8137370973360656 0.4526411659836066 0.6989829989754098
0 0.10015938114754099 0.6189587131147541 0.04892987295081967 0.6174408012295082 0.05366575614754098 0.7239981782786885 0.1048952643442623 0.7255160901639344 0.10015938114754099 0.6189587131147541
0 0.6099499088114754 0.39360200409836066 0.5617941711065574 0.3921751670081967 0.5674408012295082 0.5192243473360656 0.6155965389344262 0.5206511844262295 0.6099499088114754 0.39360200409836066
0 0.48085154815573766 0.38977686680327867 0.4142531875 0.3878035819672131 0.41980874282786884 0.5128035819672131 0.48640710348360655 0.5147768668032786 0.48085154815573766 0.38977686680327867
0 0.2515027325819672 0.7319064969262294 0.17158469979508198 0.7295385553278688 0.17673041905737705 0.845317243852459 0.25664845184426227 0.8476851854508196 0.2515027325819672 0.7319064969262294
0 0.8880692172131147 0.7343958709016393 0.8163479057377049 0.7322707950819671 0.8212659385245902 0.8429265327868852 0.89298725 0.8450516086065574 0.8880692172131147 0.7343958709016393
0 0.9787112930327869 0.6327109897540983 0.9223588340163934 0.6310412868852459 0.9270947172131148 0.7375986639344262 0.9834471762295082 0.7392683668032787 0.9787112930327869 0.6327109897540983
0 0.35416666700819677 0.7625758954918033 0.28449453586065576 0.7605115358606558 0.28954918032786886 0.8742410440573771 0.35922131147540987 0.8763054036885246 0.35416666700819677 0.7625758954918033
0 0.05466757786885246 0.6084016393442623 0.028028233606557377 0.6076123258196722 0.03035063729508197 0.6598664241803278 0.05698998155737705 0.660655737704918 0.05466757786885246 0.6084016393442623
0 0.7984972674180328 0.7450440194672131 0.7257513657786886 0.7428885850409837 0.730441712090164 0.8484213719262295 0.8031876137295082 0.850576806352459 0.7984972674180328 0.7450440194672131