0 0.3425925925925926 0.6935185185185185 0.39814814814814814 0.6935185185185185 0.39814814814814814 0.5972222222222222 0.3425925925925926 0.5972222222222222 0.3425925925925926 0.6935185185185185
0 0.5611111111111111 0.7296296296296296 0.6314814814814815 0.7296296296296296 0.6314814814814815 0.6259259259259259 0.5611111111111111 0.6259259259259259 0.5611111111111111 0.7296296296296296
0 0.8768518518518519 0.6592592592592592 0.9231481481481482 0.6592592592592592 0.9231481481481482 0.562962962962963 0.8768518518518519 0.562962962962963 0.8768518518518519 0.6592592592592592
0 0.4064814814814815 0.4601851851851852 0.45 0.4601851851851852 0.45 0.3453703703703704 0.4064814814814815 0.3453703703703704 0.4064814814814815 0.4601851851851852
0 0.5231481481481481 0.4583333333333333 0.5833333333333334 0.4583333333333333 0.5833333333333334 0.3453703703703704 0.5231481481481481 0.3453703703703704 0.5231481481481481 0.4583333333333333
0 0.7444444444444445 0.7657407407407407 0.8166666666666667 0.7657407407407407 0.8166666666666667 0.6611111111111111 0.7444444444444445 0.6611111111111111 0.7444444444444445 0.7657407407407407
0 0.1685185185185185 0.7462962962962963 0.23333333333333334 0.7462962962962963 0.23333333333333334 0.6462962962962963 0.1685185185185185 0.6462962962962963 0.1685185185185185 0.7462962962962963
0 0.0824074074074074 0.6481481481481481 0.13333333333333333 0.6481481481481481 0.13333333333333333 0.5518518518518518 0.0824074074074074 0.5518518518518518 0.0824074074074074 0.6481481481481481
0 0.6527777777777778 0.7888888888888889 0.7157407407407408 0.7888888888888889 0.7157407407407408 0.6861111111111111 0.6527777777777778 0.6861111111111111 0.6527777777777778 0.7888888888888889
0 0.9175925925925926 0.6018518518518519 0.9416666666666667 0.6018518518518519 0.9416666666666667 0.5546296296296296 0.9175925925925926 0.5546296296296296 0.9175925925925926 0.6018518518518519
0 0.25 0.7537037037037037 0.31574074074074077 0.7537037037037037 0.31574074074074077 0.6583333333333333 0.25 0.6583333333333333 0.25 0.7537037037037037