0 0.6891597134387352 0.6270092223320158 0.6923876442687746 0.6892621867588933 0.7852730197628458 0.6851339486166008 0.7820450889328063 0.6228809841897233 0.6891597134387352 0.6270092223320158
0 0.6963987707509881 0.07898550691699605 0.6990118577075098 0.1293807638339921 0.7849802371541502 0.12555994762845848 0.7823671501976284 0.07516469071146245 0.6963987707509881 0.07898550691699605
0 0.6841677648221344 0.22512077272727274 0.6871395108695652 0.2824330256916996 0.7750841749011858 0.2785243745059289 0.772112428853755 0.221212121541502 0.6841677648221344 0.22512077272727274
0 0.7571512223320158 0.7349143606719368 0.7584321472332015 0.7596179179841898 0.8028985503952569 0.7576416333992095 0.8016176254940711 0.7329380760869565 0.7571512223320158 0.7349143606719368
0 0.5890572391304348 0.014426877470355731 0.5910554822134387 0.052964426877470355 0.6631898695652174 0.04975845454545454 0.6611916264822135 0.011220905138339921 0.5890572391304348 0.014426877470355731
0 0.43476065019762844 0.47687747035573125 0.4368101304347826 0.516403162055336 0.47435953754940713 0.5147342994071147 0.47231005731225295 0.4752086077075099 0.43476065019762844 0.47687747035573125
0 0.7379812618577075 0.7090250326086956 0.741465378458498 0.7762187084980237 0.8353388962450593 0.7720465523715415 0.8318547796442688 0.7048528764822134 0.7379812618577075 0.7090250326086956
0 0.6136290444664032 0.8512296877470356 0.6154735760869565 0.8868028102766798 0.6826672519762845 0.8838164249011858 0.6808227203557313 0.8482433023715416 0.6136290444664032 0.8512296877470356
0 0.7571951393280633 0.14363197233201583 0.7583735909090908 0.16635924505928854 0.8048162786561265 0.16429512549407116 0.8036378270750988 0.14156785276679842 0.7571951393280633 0.14363197233201583
0 0.732967354743083 0.1348045671936759 0.7359391007905138 0.19211682015810277 0.8337651877470356 0.18776899407114625 0.8307934416996048 0.13045674110671937 0.732967354743083 0.1348045671936759
0 0.7125530671936758 0.7725516027667985 0.7154735760869565 0.8288757134387352 0.7984775286561265 0.8251866492094861 0.7955570197628459 0.7688625385375494 0.7125530671936758 0.7725516027667985