0 0.5144781146245059 0.3818401403162055 0.5170399644268775 0.4312472549407114 0.6030083438735179 0.4325208606719368 0.6004464940711463 0.38311374604743087 0.5144781146245059 0.3818401403162055
0 0.6055189575098814 0.6142365681818182 0.6084394673913043 0.6705606788537549 0.6924315622529644 0.6718050069169961 0.6895110523715414 0.6154808962450593 0.6055189575098814 0.6142365681818182
0 0.5089079199604744 0.25537256620553356 0.5119309031620554 0.31367296146245055 0.5978992826086956 0.3149465671936759 0.5948762994071146 0.2566461719367589 0.5089079199604744 0.25537256620553356
0 0.3280120039525692 0.5370589960474308 0.33001024703557313 0.5755965454545454 0.41103791501976283 0.5767969555335969 0.4090396719367589 0.5382594061264823 0.3280120039525692 0.5370589960474308
0 0.6835090029644268 0.7091933833992095 0.6865319861660079 0.7674937786561264 0.7764529347826087 0.7688259407114625 0.7734299515810277 0.7105255454545455 0.6835090029644268 0.7091933833992095
0 0.6714609871541501 0.8196018152173913 0.6739715998023715 0.8680207875494071 0.7569755523715415 0.8692504752964426 0.7544649397233202 0.8208315029644269 0.6714609871541501 0.8196018152173913
0 0.41699604743083 0.13947445454545454 0.4200190306324111 0.19777484980237153 0.5040111254940711 0.19901917687747037 0.5009881422924901 0.14071878162055337 0.41699604743083 0.13947445454545454
0 0.34711608794466403 0.5817742648221343 0.3500365978260869 0.6380983754940711 0.42414726976284584 0.6391963112648221 0.4212267598814229 0.5828722005928854 0.34711608794466403 0.5817742648221343
0 0.29222661363636365 0.07542087549407114 0.2941736205533597 0.11297028260869565 0.3524740158102767 0.11383399209486167 0.35052700889328064 0.07628458498023716 0.29222661363636365 0.07542087549407114
0 0.43925486758893284 0.2069462747035573 0.4413555849802372 0.2474601086956522 0.4887864150197629 0.2481627875494071 0.48668569762845854 0.20764895355731225 0.43925486758893284 0.2069462747035573
0 0.6144049189723321 0.9569901916996048 0.6160445029644269 0.9886107450592885 0.6792856096837945 0.9895476501976285 0.6776460256916996 0.9579270968379447 0.6144049189723321 0.9569901916996048