0 0.590962963 0.927133333 0.585925926 0.8591333329999999 0.482925926 0.8598962960000001 0.487962963 0.927896296 0.590962963 0.927133333
0 0.467740741 0.087585185 0.462407407 0.015585185 0.36740740699999996 0.016288889 0.372740741 0.088288889 0.467740741 0.087585185
0 0.551185185 0.39013333299999997 0.5473333330000001 0.338133333 0.46333333299999996 0.338755556 0.467185185 0.390755556 0.551185185 0.39013333299999997
0 0.602222222 0.592866667 0.597777778 0.532866667 0.513777778 0.533488889 0.518222222 0.593488889 0.602222222 0.592866667
0 0.675814815 0.168088889 0.67062963 0.098088889 0.56162963 0.09889629600000001 0.566814815 0.168896296 0.675814815 0.168088889
0 0.7337037040000001 0.8280222220000001 0.725259259 0.7140222220000001 0.615259259 0.714837037 0.623703704 0.828837037 0.7337037040000001 0.8280222220000001
0 0.496111111 0.281481481 0.49151851900000004 0.219481481 0.402518519 0.220140741 0.40711111099999997 0.282140741 0.496111111 0.281481481
0 0.5635185189999999 0.8132740740000001 0.55862963 0.747274074 0.45362963 0.748051852 0.458518519 0.8140518520000001 0.5635185189999999 0.8132740740000001
0 0.5830370370000001 0.685059259 0.5790370370000001 0.631059259 0.486037037 0.631748148 0.490037037 0.6857481480000001 0.5830370370000001 0.685059259
0 0.475074074 0.186585185 0.470185185 0.120585185 0.36418518499999997 0.12137036999999999 0.369074074 0.18737037 0.475074074 0.186585185
0 0.439888889 0.359940741 0.435962963 0.306940741 0.359962963 0.30750370400000004 0.363888889 0.36050370400000004 0.439888889 0.359940741