0 0.6583333333333333 0.7166666666666667 0.7166666666666667 0.7166666666666667 0.7166666666666667 0.6296296296296297 0.6583333333333333 0.6296296296296297 0.6583333333333333 0.7166666666666667
0 0.14629629629629629 0.7435185185185185 0.1935185185185185 0.7435185185185185 0.1935185185185185 0.662962962962963 0.14629629629629629 0.662962962962963 0.14629629629629629 0.7435185185185185
0 0.2824074074074074 0.7268518518518519 0.33611111111111114 0.7268518518518519 0.33611111111111114 0.6444444444444445 0.2824074074074074 0.6444444444444445 0.2824074074074074 0.7268518518518519
0 0.7620370370370371 0.7296296296296296 0.7851851851851852 0.7296296296296296 0.7851851851851852 0.687962962962963 0.7620370370370371 0.687962962962963 0.7620370370370371 0.7296296296296296
0 0.08148148148148149 0.6333333333333333 0.1175925925925926 0.6333333333333333 0.1175925925925926 0.5657407407407408 0.08148148148148149 0.5657407407407408 0.08148148148148149 0.6333333333333333
0 0.5074074074074074 0.43425925925925923 0.5444444444444444 0.43425925925925923 0.5444444444444444 0.3990740740740741 0.5074074074074074 0.3990740740740741 0.5074074074074074 0.43425925925925923
0 0.737037037037037 0.7592592592592593 0.8 0.7592592592592593 0.8 0.6712962962962963 0.737037037037037 0.6712962962962963 0.737037037037037 0.7592592592592593
0 0.8648148148148148 0.6111111111111112 0.8981481481481481 0.6111111111111112 0.8981481481481481 0.5481481481481482 0.8648148148148148 0.5481481481481482 0.8648148148148148 0.6111111111111112
0 0.20925925925925926 0.7601851851851852 0.23055555555555557 0.7601851851851852 0.23055555555555557 0.7166666666666667 0.20925925925925926 0.7166666666666667 0.20925925925925926 0.7601851851851852
0 0.2 0.7861111111111111 0.2537037037037037 0.7861111111111111 0.2537037037037037 0.6944444444444444 0.2 0.6944444444444444 0.2 0.7861111111111111
0 0.7953703703703704 0.7222222222222222 0.8481481481481481 0.7222222222222222 0.8481481481481481 0.6444444444444445 0.7953703703703704 0.6444444444444445 0.7953703703703704 0.7222222222222222