0 0.2212962962962963 0.5462962962962963 0.3592592592592593 0.5462962962962963 0.3592592592592593 0.4888888888888889 0.2212962962962963 0.4888888888888889 0.2212962962962963 0.5462962962962963
0 0.7074074074074074 0.487962962962963 0.8240740740740741 0.487962962962963 0.8240740740740741 0.43703703703703706 0.7074074074074074 0.43703703703703706 0.7074074074074074 0.487962962962963
0 0.24814814814814815 0.6916666666666667 0.3074074074074074 0.6916666666666667 0.3074074074074074 0.5685185185185185 0.24814814814814815 0.5685185185185185 0.24814814814814815 0.6916666666666667
0 0.8 0.6703703703703704 0.8648148148148148 0.6703703703703704 0.8648148148148148 0.5453703703703704 0.8 0.5453703703703704 0.8 0.6703703703703704
0 0.35185185185185186 0.6824074074074075 0.41203703703703703 0.6824074074074075 0.41203703703703703 0.5574074074074075 0.35185185185185186 0.5574074074074075 0.35185185185185186 0.6824074074074075
0 0.4166666666666667 0.6231481481481481 0.4722222222222222 0.6231481481481481 0.4722222222222222 0.5120370370370371 0.4166666666666667 0.5120370370370371 0.4166666666666667 0.6231481481481481
0 0.5814814814814815 0.5342592592592592 0.6324074074074074 0.5342592592592592 0.6324074074074074 0.4527777777777778 0.5814814814814815 0.4527777777777778 0.5814814814814815 0.5342592592592592
0 0.7037037037037037 0.6305555555555555 0.7657407407407407 0.6305555555555555 0.7657407407407407 0.5194444444444445 0.7037037037037037 0.5194444444444445 0.7037037037037037 0.6305555555555555
0 0.6435185185185185 0.5935185185185186 0.7157407407407408 0.5935185185185186 0.7157407407407408 0.48518518518518516 0.6435185185185185 0.48518518518518516 0.6435185185185185 0.5935185185185186
0 0.4361111111111111 0.5666666666666667 0.4935185185185185 0.5666666666666667 0.4935185185185185 0.4888888888888889 0.4361111111111111 0.4888888888888889 0.4361111111111111 0.5666666666666667
0 0.30833333333333335 0.6694444444444444 0.3398148148148148 0.6694444444444444 0.3398148148148148 0.6435185185185185 0.30833333333333335 0.6435185185185185 0.30833333333333335 0.6694444444444444