0 0.6667956895491803 0.6678126895491803 0.667273830942623 0.7323618698770491 0.763585306352459 0.7330752879098361 0.7631071649590164 0.6685261075819673 0.6667956895491803 0.6678126895491803
0 0.6994839098360656 0.10148755327868852 0.6998709774590164 0.15374165163934425 0.7890103217213115 0.15440194262295082 0.7886232540983606 0.10214784426229509 0.6994839098360656 0.10148755327868852
0 0.6801077715163933 0.2519505163934426 0.6805479661885246 0.31137674590163933 0.7717364907786886 0.31205221618852463 0.7712962961065574 0.2526259866803279 0.6801077715163933 0.2519505163934426
0 0.7321948995901639 0.7830449303278688 0.7323846383196722 0.8086596844262295 0.7784911956967213 0.8090012141393443 0.7783014569672131 0.7833864600409837 0.7321948995901639 0.7830449303278688
0 0.5913706741803278 0.028969338114754096 0.5916666670081967 0.06892835450819672 0.6664617489754099 0.06948239241803278 0.6661657561475409 0.029523376024590164 0.5913706741803278 0.028969338114754096
0 0.4104356403688525 0.498914693647541 0.4107392223360656 0.539898300204918 0.4496736485655738 0.5401867028688524 0.4493700665983607 0.4992030963114754 0.4104356403688525 0.498914693647541
0 0.7135473586065574 0.7552443842213115 0.7140634487704918 0.8249165153688525 0.8113995143442623 0.8256375225409837 0.8108834241803279 0.7559653913934427 0.7135473586065574 0.7552443842213115
0 0.5783242254098361 0.8956284149590164 0.5785974497950819 0.9325136608606557 0.6482695809426229 0.9330297510245902 0.647996356557377 0.8961445051229507 0.5783242254098361 0.8956284149590164
0 0.7594262295081967 0.1715998780737705 0.7596007889344262 0.1951654518442623 0.8077565266393443 0.1955221618852459 0.8075819672131148 0.17195658811475412 0.7594262295081967 0.1715998780737705
0 0.7347601700819673 0.16117182786885248 0.7352003647540983 0.22059805737704918 0.8366347909836066 0.2213494231557377 0.8361945963114754 0.16192319364754099 0.7347601700819673 0.16117182786885248
0 0.6843123862704917 0.8195734672131147 0.6847449907786886 0.877975106557377 0.7708105645491803 0.8786126290983607 0.7703779600409836 0.8202109897540983 0.6843123862704917 0.8195734672131147