0 0.4305555555555556 0.4736111111111111 0.5291666666666667 0.4736111111111111 0.5291666666666667 0.31805555555555554 0.4305555555555556 0.31805555555555554 0.4305555555555556 0.4736111111111111
0 0.5458333333333333 0.4583333333333333 0.6569444444444444 0.4583333333333333 0.6569444444444444 0.30277777777777776 0.5458333333333333 0.30277777777777776 0.5458333333333333 0.4583333333333333
0 0.33194444444444443 0.46805555555555556 0.4166666666666667 0.46805555555555556 0.4166666666666667 0.3458333333333333 0.33194444444444443 0.3458333333333333 0.33194444444444443 0.46805555555555556
0 0.7388888888888889 0.4930555555555556 0.8527777777777777 0.4930555555555556 0.8527777777777777 0.3375 0.7388888888888889 0.3375 0.7388888888888889 0.4930555555555556
0 0 0.5333333333333333 0.03611111111111111 0.5333333333333333 0.03611111111111111 0.3763888888888889 0 0.3763888888888889 0 0.5333333333333333
0 0.10972222222222222 0.5388888888888889 0.1986111111111111 0.5388888888888889 0.1986111111111111 0.4097222222222222 0.10972222222222222 0.4097222222222222 0.10972222222222222 0.5388888888888889
0 0.4 0.8694444444444445 0.5958333333333333 0.8694444444444445 0.5958333333333333 0.31805555555555554 0.4 0.31805555555555554 0.4 0.8694444444444445
0 0.25972222222222224 0.75 0.4166666666666667 0.75 0.4166666666666667 0.3458333333333333 0.25972222222222224 0.3458333333333333 0.25972222222222224 0.75
0 0.7263888888888889 0.8222222222222222 0.9444444444444444 0.8222222222222222 0.9444444444444444 0.3375 0.7263888888888889 0.3375 0.7263888888888889 0.8222222222222222
0 0.9583333333333334 0.7138888888888889 0.9986111111111111 0.7138888888888889 0.9986111111111111 0.5555555555555556 0.9583333333333334 0.5555555555555556 0.9583333333333334 0.7138888888888889
0 0.5333333333333333 0.8763888888888889 0.7819444444444444 0.8763888888888889 0.7819444444444444 0.30277777777777776 0.5333333333333333 0.30277777777777776 0.5333333333333333 0.8763888888888889
0 0.09583333333333334 0.8055555555555556 0.2652777777777778 0.8055555555555556 0.2652777777777778 0.4083333333333333 0.09583333333333334 0.4083333333333333 0.09583333333333334 0.8055555555555556