0 0.387037037037037 0.5564814814814815 0.43333333333333335 0.5564814814814815 0.43333333333333335 0.4759259259259259 0.387037037037037 0.4759259259259259 0.387037037037037 0.5564814814814815
0 0.6037037037037037 0.6287037037037037 0.6564814814814814 0.6287037037037037 0.6564814814814814 0.55 0.6037037037037037 0.55 0.6037037037037037 0.6287037037037037
0 0.26851851851851855 0.5574074074074075 0.32314814814814813 0.5574074074074075 0.32314814814814813 0.47685185185185186 0.26851851851851855 0.47685185185185186 0.26851851851851855 0.5574074074074075
0 0.5351851851851852 0.36944444444444446 0.5712962962962963 0.36944444444444446 0.5712962962962963 0.2935185185185185 0.5351851851851852 0.2935185185185185 0.5351851851851852 0.36944444444444446
0 0.6916666666666667 0.7027777777777777 0.7462962962962963 0.7027777777777777 0.7462962962962963 0.6185185185185185 0.6916666666666667 0.6185185185185185 0.6916666666666667 0.7027777777777777
0 0.7953703703703704 0.6796296296296296 0.8407407407407408 0.6796296296296296 0.8407407407407408 0.6018518518518519 0.7953703703703704 0.6018518518518519 0.7953703703703704 0.6796296296296296
0 0.16111111111111112 0.475 0.21574074074074073 0.475 0.21574074074074073 0.3962962962962963 0.16111111111111112 0.3962962962962963 0.16111111111111112 0.475
0 0.5768518518518518 0.3787037037037037 0.6296296296296297 0.3787037037037037 0.6296296296296297 0.30925925925925923 0.5768518518518518 0.30925925925925923 0.5768518518518518 0.3787037037037037
0 0.10277777777777777 0.337037037037037 0.13796296296296295 0.337037037037037 0.13796296296296295 0.2824074074074074 0.10277777777777777 0.2824074074074074 0.10277777777777777 0.337037037037037
0 0.22407407407407406 0.4583333333333333 0.262037037037037 0.4583333333333333 0.262037037037037 0.41388888888888886 0.22407407407407406 0.41388888888888886 0.22407407407407406 0.4583333333333333
0 0.925 0.600925925925926 0.9546296296296296 0.600925925925926 0.9546296296296296 0.5416666666666666 0.925 0.5416666666666666 0.925 0.600925925925926