0 0.5974971064453125 0.7746744794921875 0.59623842578125 0.8596354169921875 0.69975405078125 0.85503472265625 0.7010127314453125 0.77007378515625 0.5974971064453125 0.7746744794921875
0 0.213990162109375 0.1798177080078125 0.2110966435546875 0.3751302080078125 0.6251591435546875 0.3567274306640625 0.628052662109375 0.1614149306640625 0.213990162109375 0.1798177080078125
0 0.294509548828125 0.4758463544921875 0.2923828125 0.6194010419921875 0.58046875 0.60659722265625 0.582595486328125 0.46304253515625 0.294509548828125 0.4758463544921875
0 0.734208623046875 0.9667100693359375 0.7355396416015625 0.8768663193359375 0.6339771416015625 0.8813802080078125 0.632646123046875 0.9712239580078125 0.734208623046875 0.9667100693359375
0 0.535568576171875 0.67300347265625 0.5344111689453125 0.75112847265625 0.6428096064453125 0.746310763671875 0.643967013671875 0.668185763671875 0.535568576171875 0.67300347265625
0 0.576768421875 0 0.57583188671875 0.0632161455078125 0.68423032421875 0.0583984375 0.685095486328125 0 0.576768421875 0
0 0.2534794560546875 0.61039496484375 0.2511357060546875 0.76859808984375 0.6427372685546875 0.751193576171875 0.6450810185546875 0.592990451171875 0.2534794560546875 0.61039496484375
0 0.5700231484375 0.12593316015625 0.568778935546875 0.20991753515625 0.670341435546875 0.2054036455078125 0.6715856484375 0.1214192705078125 0.5700231484375 0.12593316015625
0 0.489330150390625 0.3686197919921875 0.4884765625 0.4262369794921875 0.5734375 0.4224609375 0.574291087890625 0.36484375 0.489330150390625 0.3686197919921875
0 0.2662181708984375 0.34340277734375 0.2641782412109375 0.48109808984375 0.5717954287109375 0.46742621484375 0.5738353583984375 0.32973090234375 0.2662181708984375 0.34340277734375
0 0.2309678818359375 0.0219401044921875 0.2276548037109375 0.2455729169921875 0.6710141787109375 0.2258680556640625 0.6743272568359375 0.0022352431640625 0.2309678818359375 0.0219401044921875
0 0.5231770830078125 0.2578125 0.52201967578125 0.3359375 0.62455873828125 0.3313802080078125 0.6257161455078125 0.2532552080078125 0.5231770830078125 0.2578125