0 0.14316324254473162 0.6345556292246521 0.056682129224652086 0.6294308220675944 0.05434062326043737 0.734798615308151 0.1408217365805169 0.7399234224652088 0.14316324254473162 0.6345556292246521
0 0.7753037335984095 0.2718871958250497 0.5764965765407555 0.26010603081510936 0.5671305497017892 0.681577203777336 0.7659377067594433 0.6933583687872763 0.7753037335984095 0.2718871958250497
0 0.468212944333996 0.3402842206759443 0.3220896838966203 0.33162506461232605 0.3155732276341948 0.6248656212723658 0.46169648807157054 0.6335247773359841 0.468212944333996 0.3402842206759443
0 0 0.7684061878727634 0.02966644532803181 0.7701641998011928 0.03196377335984095 0.6667844781312127 0 0.664890329025845 0 0.7684061878727634
0 0.25096090159045725 0.576246226640159 0.17143803876739563 0.5715337604373757 0.16898608349900596 0.6818717326043737 0.2485089463220676 0.686584198807157 0.25096090159045725 0.576246226640159
0 0.9719240119284294 0.650821 0.8695383260437375 0.6447536998011928 0.867086370775348 0.7550916719681908 0.9694720566600398 0.761158972166998 0.9719240119284294 0.650821
0 0.33390766500994035 0.2925115974155069 0.17287386779324057 0.2829688538767396 0.16401590457256462 0.681577203777336 0.3250497017892644 0.6911199473161034 0.33390766500994035 0.2925115974155069
0 0.8060304840954274 0.6360135487077534 0.7205434065606362 0.6309476471172962 0.7182460795228629 0.7343273687872763 0.8037331570576541 0.7393932703777335 0.8060304840954274 0.6360135487077534
0 0.5642368011928429 0.5430527942345924 0.505588689860835 0.5395773508946322 0.5036668876739563 0.6260584642147117 0.5623149990059643 0.629533907554672 0.5642368011928429 0.5430527942345924
0 0.6050806272365805 0.3175392087475149 0.46492158151093443 0.3092334880715706 0.4579633310139165 0.6223547604373757 0.5981223767395626 0.6306604811133201 0.6050806272365805 0.3175392087475149
0 0.9350121491053678 0.29628156958250496 0.7073779542743538 0.28279213618290255 0.6973492375745527 0.7340843827037773 0.9249834324055666 0.7475738161033797 0.9350121491053678 0.29628156958250496
0 0.6748398499005964 0.5824534274353876 0.5953169870775348 0.5777409612326043 0.5929975705765408 0.6821147186878728 0.6725204333996024 0.686827184890656 0.6748398499005964 0.5824534274353876