0 0.3611111111111111 0.5351851851851852 0.45092592592592595 0.5351851851851852 0.45092592592592595 0.42407407407407405 0.3611111111111111 0.42407407407407405 0.3611111111111111 0.5351851851851852
0 0.26944444444444443 0.8472222222222222 0.46944444444444444 0.8472222222222222 0.46944444444444444 0.4083333333333333 0.26944444444444443 0.4083333333333333 0.26944444444444443 0.8472222222222222
0 0.23425925925925925 0.48703703703703705 0.3425925925925926 0.48703703703703705 0.3425925925925926 0.3574074074074074 0.23425925925925925 0.3574074074074074 0.23425925925925925 0.48703703703703705
0 0.030555555555555555 0.49166666666666664 0.14907407407407408 0.49166666666666664 0.14907407407407408 0.3509259259259259 0.030555555555555555 0.3509259259259259 0.030555555555555555 0.49166666666666664
0 0.6277777777777778 0.5342592592592592 0.725 0.5342592592592592 0.725 0.40555555555555556 0.6277777777777778 0.40555555555555556 0.6277777777777778 0.5342592592592592
0 0.8629629629629629 0.462037037037037 0.9777777777777777 0.462037037037037 0.9777777777777777 0.3333333333333333 0.8629629629629629 0.3333333333333333 0.8629629629629629 0.462037037037037
0 0.5333333333333333 0.799074074074074 0.6666666666666666 0.799074074074074 0.6666666666666666 0.525 0.5333333333333333 0.525 0.5333333333333333 0.799074074074074
0 0 0.4027777777777778 0.2675925925925926 0.4027777777777778 0.2675925925925926 0.2175925925925926 0 0.2175925925925926 0 0.4027777777777778
0 0.6185185185185185 0.8287037037037037 0.8194444444444444 0.8287037037037037 0.8194444444444444 0.4046296296296296 0.6185185185185185 0.4046296296296296 0.6185185185185185 0.8287037037037037
0 0.44166666666666665 0.7481481481481481 0.5611111111111111 0.7481481481481481 0.5611111111111111 0.4675925925925926 0.44166666666666665 0.4675925925925926 0.44166666666666665 0.7481481481481481
0 0.7074074074074074 0.8194444444444444 0.9824074074074074 0.8194444444444444 0.9824074074074074 0.37037037037037035 0.7074074074074074 0.37037037037037035 0.7074074074074074 0.8194444444444444
0 0.7194444444444444 0.5064814814814815 0.8361111111111111 0.5064814814814815 0.8361111111111111 0.37962962962962965 0.7194444444444444 0.37962962962962965 0.7194444444444444 0.5064814814814815