0 0.04026433091286307 0.1566998895348837 0.1637083143153527 0.15303925166112956 0.16237129253112034 0.08078011544850498 0.038927309128630704 0.08444075332225914 0.04026433091286307 0.1566998895348837
0 0.0625864450207469 0.5216869692691031 0.258644536307054 0.515873015780731 0.2573536192946058 0.44610557392026584 0.06129552800829876 0.4519195274086379 0.0625864450207469 0.5216869692691031
0 0.47155371161825727 0.8037406179401994 0.5856615954356846 0.8003568355481728 0.5816812665975103 0.5852405564784053 0.467573382780083 0.5886243388704319 0.47155371161825727 0.8037406179401994
0 0.051321653526970955 0.8103851362126246 0.13638389419087138 0.8078626802325581 0.1325879823651452 0.6027131785714286 0.047525741701244816 0.605235634551495 0.051321653526970955 0.8103851362126246
0 0.5172199170124482 0.5231635290697674 0.7755186721991701 0.5155038762458471 0.7719225446058091 0.32115171677740867 0.5136237894190872 0.3288113696013289 0.5172199170124482 0.5231635290697674
0 0.2719379128630705 0.7855604775747508 0.4150914398340249 0.7813153687707641 0.41121868775933607 0.5720130431893687 0.2680651607883817 0.5762581519933554 0.2719379128630705 0.7855604775747508
0 0.6533579221991701 0.42023501910299005 0.8608268018672199 0.41408268770764123 0.8575380363070539 0.23634182392026581 0.6500691566390041 0.2424941553156146 0.6533579221991701 0.42023501910299005
0 0.718656830912863 0.80804725 0.8452128475103734 0.8042943272425249 0.8419548174273859 0.6282145930232558 0.7153988008298755 0.6319675157807308 0.718656830912863 0.80804725
0 0.16399034647302904 0 0.1642231441908714 0.01258151827242525 0.2430613184647303 0.010243632059800663 0.24287177904564317 0 0.16399034647302904 0
0 0.20299677282157674 0.08871662375415282 0.3005071462655602 0.08582502740863787 0.29893960373443984 0.001107419435215947 0.20142923029045642 0.003999015780730897 0.20299677282157674 0.08871662375415282
0 0.6006147230290457 0.8231819858803987 0.7219840176348549 0.8195828720930233 0.7178500072614107 0.5961609451827242 0.5964807126556017 0.5997600589700998 0.6006147230290457 0.8231819858803987