0 0.543074074 0.606088889 0.53937037 0.556088889 0.45237036999999997 0.554155556 0.456074074 0.604155556 0.543074074 0.606088889
0 0.445740741 0.37031111099999997 0.44151851900000005 0.313311111 0.35651851900000003 0.31142222199999997 0.36074074100000003 0.36842222199999997 0.445740741 0.37031111099999997
0 0.5515555560000001 0.734066667 0.547185185 0.6750666670000001 0.460185185 0.673133333 0.46455555600000004 0.7321333329999999 0.5515555560000001 0.734066667
0 0.728222222 0.450466667 0.725333333 0.41146666699999995 0.6433333330000001 0.409644444 0.646222222 0.44864444400000003 0.728222222 0.450466667
0 0.364703704 0.27366666700000003 0.360333333 0.21466666699999998 0.269333333 0.212644444 0.273703704 0.27164444400000004 0.364703704 0.27366666700000003
0 0.37440740699999997 0.162066667 0.370777778 0.113066667 0.28677777800000004 0.11120000000000001 0.29040740699999995 0.16019999999999998 0.37440740699999997 0.162066667
0 0.647148148 0.852 0.642777778 0.793 0.5577777780000001 0.7911111110000001 0.562148148 0.850111111 0.647148148 0.852
0 0.7078888889999999 0.405088889 0.7036666669999999 0.348088889 0.628666667 0.346422222 0.632888889 0.403422222 0.7078888889999999 0.405088889
0 0.7748148149999999 0.917733333 0.772 0.879733333 0.713 0.8784222220000001 0.715814815 0.916422222 0.7748148149999999 0.917733333
0 0.623111111 0.783577778 0.620074074 0.742577778 0.572074074 0.741511111 0.575111111 0.782511111 0.623111111 0.783577778
0 0.364 0.008088889 0.365037037 0.022088889 0.429037037 0.023511111 0.428 0.009511111 0.364 0.008088889