0 0.34629629629629627 0.9666666666666667 0.4861111111111111 0.9666666666666667 0.4861111111111111 0.7712962962962963 0.34629629629629627 0.7712962962962963 0.34629629629629627 0.9666666666666667
0 0.39537037037037037 0.7703703703703704 0.5342592592592592 0.7703703703703704 0.5342592592592592 0.6305555555555555 0.39537037037037037 0.6305555555555555 0.39537037037037037 0.7703703703703704
0 0.6 0.8796296296296297 0.7518518518518519 0.8796296296296297 0.7518518518518519 0.7953703703703704 0.6 0.7953703703703704 0.6 0.8796296296296297
0 0.31851851851851853 0.5972222222222222 0.5611111111111111 0.5972222222222222 0.5611111111111111 0.25925925925925924 0.31851851851851853 0.25925925925925924 0.31851851851851853 0.5972222222222222
0 0.8222222222222222 0.7333333333333333 0.9962962962962963 0.7333333333333333 0.9962962962962963 0.5305555555555556 0.8222222222222222 0.5305555555555556 0.8222222222222222 0.7333333333333333
0 0.6472222222222223 0.774074074074074 0.8101851851851852 0.774074074074074 0.8101851851851852 0.6759259259259259 0.6472222222222223 0.6759259259259259 0.6472222222222223 0.774074074074074
0 0.6462962962962963 0.6416666666666667 0.8157407407407408 0.6416666666666667 0.8157407407407408 0.5351851851851852 0.6462962962962963 0.5351851851851852 0.6462962962962963 0.6416666666666667
0 0.48148148148148145 0.45092592592592595 0.6370370370370371 0.45092592592592595 0.6370370370370371 0.21666666666666667 0.48148148148148145 0.21666666666666667 0.48148148148148145 0.45092592592592595
0 0.4203703703703704 0.5962962962962963 0.5407407407407407 0.5962962962962963 0.5407407407407407 0.4462962962962963 0.4203703703703704 0.4462962962962963 0.4203703703703704 0.5962962962962963
0 0.712037037037037 0.49722222222222223 0.8842592592592593 0.49722222222222223 0.8842592592592593 0.387037037037037 0.712037037037037 0.387037037037037 0.712037037037037 0.49722222222222223
0 0.6888888888888889 0.3296296296296296 0.7611111111111111 0.3296296296296296 0.7611111111111111 0.2759259259259259 0.6888888888888889 0.2759259259259259 0.6888888888888889 0.3296296296296296