0 0.49975860428305396 0.20517277094972067 0.5048968891992551 0.34390647672253255 0.5626250083798883 0.3421960139664805 0.5574867234636871 0.20346230819366853 0.49975860428305396 0.20517277094972067
0 0.46572177374301676 0.6955445204841714 0.4700669013035382 0.8128629562383612 0.5212773296089386 0.8113456098696462 0.5169322020484172 0.6940271741154562 0.46572177374301676 0.6955445204841714
0 0.5808331610800744 0.2298020549348231 0.5830402094972067 0.2893923715083799 0.7068763361266295 0.2857231536312849 0.7046692877094972 0.22613283705772813 0.5808331610800744 0.2298020549348231
0 0.5781088351955307 0.7854265810055866 0.5805227942271881 0.8506034897579143 0.7062211182495345 0.846879094972067 0.7038071592178771 0.7817021862197393 0.5781088351955307 0.7854265810055866
0 0.5735223119180632 0.3344161666666667 0.5757638454376164 0.39493758193668527 0.7014621694599628 0.39121318715083797 0.6992206359404096 0.3306917718808194 0.5735223119180632 0.3344161666666667
0 0.53031243575419 0.40094489292364993 0.5323815437616387 0.4568108147113594 0.6441133873370577 0.4535002411545624 0.642044279329609 0.3976343193668529 0.53031243575419 0.40094489292364993
0 0.4768604729981378 0.5684460996275605 0.47875715549348236 0.6196565279329609 0.5606938407821229 0.6172287746741154 0.5587971582867783 0.5660183463687151 0.4768604729981378 0.5684460996275605
0 0.5484516173184358 0.6893647839851025 0.5507621219739292 0.7517483966480447 0.6624939655493483 0.7484378230912477 0.6601834608938548 0.6860542104283054 0.5484516173184358 0.6893647839851025
0 0.5117594320297951 0.6298641284916201 0.514449272811918 0.7024898268156424 0.6233878202979516 0.6992620176908751 0.6206979795158287 0.6266363193668528 0.5117594320297951 0.6298641284916201
0 0.5077591554934824 0.421187668528864 0.5098972346368715 0.47891578770949716 0.5881095251396649 0.47659838640595903 0.5859714459962756 0.4188702672253259 0.5077591554934824 0.421187668528864
0 0.6584936890130354 0.2880888333333333 0.6596661834264432 0.31974618901303536 0.6857369469273743 0.3189737225325885 0.6845644525139665 0.2873163668528864 0.6584936890130354 0.2880888333333333