0 0.6072822326043738 0.661497680914513 0.6015683677932405 0.5650762097415507 0.4822840735586481 0.5597746848906561 0.48799793836978134 0.6561961560636183 0.6072822326043738 0.661497680914513
0 0.9481039691848907 0.7747956699801193 0.9353803111332009 0.5600839403578528 0.4642073489065606 0.5391429204771372 0.4769310069582505 0.7538546500994037 0.9481039691848907 0.7747956699801193
0 0.5636624691848906 0.7953832564612326 0.5567704880715706 0.679081069582505 0.41760547813121274 0.6728959572564612 0.4244974592445328 0.7891981441351889 0.5636624691848906 0.7953832564612326
0 0.5807449950298211 1 0.5740519840954275 0.8870554453280318 0.4229585447316103 0.8803401809145129 0.43004949701789263 1 0.5807449950298211 1
0 0.5893233190854871 0.3751711948310139 0.5831382077534791 0.2707974373757455 0.44496723359840956 0.2646565049701789 0.4511523449304175 0.3690302624254473 0.5893233190854871 0.3751711948310139
0 0.352882703777336 0.015683675944333994 0.3586554741550696 0.11309918290258449 0.49682644831013917 0.1192401153081511 0.49105367793240556 0.021824608349900597 0.352882703777336 0.015683675944333994
0 0.8796259483101391 0.48919814413518886 0.8711435089463221 0.34605699105367793 0.576908916500994 0.3329798986083499 0.5853913558648111 0.47612105168986085 0.8796259483101391 0.48919814413518886
0 0.4855688916500994 1 0.4710846033797217 0.7555776451292247 0.2722774463220676 0.7467417713717693 0.2872853419483101 1 0.4855688916500994 1
0 0.9060157574552684 0.39916059244532803 0.8932331938369781 0.18345482703777335 0.4379648041749503 0.16322067594433398 0.45074736779324054 0.37892644135188863 0.9060157574552684 0.39916059244532803
0 0.8307856560636182 0.5851778220675945 0.8231868051689861 0.4569472057654076 0.5219939622266402 0.4435608568588469 0.5295928131212724 0.5717914731610337 0.8307856560636182 0.5851778220675945
0 0.3926441351888668 0.017450850894632206 0.40831308449304177 0.28186436978131213 0.890420440357853 0.3032913628230616 0.8747514910536779 0.03887784393638171 0.3926441351888668 0.017450850894632206
0 0.553670569582505 0.2754362713717694 0.546248435387674 0.15018776242544732 0.4100655328031809 0.1441351888667992 0.41748766699801193 0.26938369781312127 0.553670569582505 0.2754362713717694