0 0.16666666666666666 0.5768518518518518 0.22777777777777777 0.5768518518518518 0.22777777777777777 0.42592592592592593 0.16666666666666666 0.42592592592592593 0.16666666666666666 0.5768518518518518
0 0.85 0.4361111111111111 0.9416666666666667 0.4361111111111111 0.9416666666666667 0.28703703703703703 0.85 0.28703703703703703 0.85 0.4361111111111111
0 0.6805555555555556 0.7379629629629629 0.7666666666666667 0.7379629629629629 0.7666666666666667 0.5583333333333333 0.6805555555555556 0.5583333333333333 0.6805555555555556 0.7379629629629629
0 0.11388888888888889 0 0.11388888888888889 0.06851851851851852 0.21203703703703702 0.06851851851851852 0.21203703703703702 0 0.11388888888888889 0
0 0.8953703703703704 0.5935185185185186 0.9564814814814815 0.5935185185185186 0.9564814814814815 0.5287037037037037 0.8953703703703704 0.5287037037037037 0.8953703703703704 0.5935185185185186
0 0.3074074074074074 0.7435185185185185 0.3851851851851852 0.7435185185185185 0.3851851851851852 0.5777777777777777 0.3074074074074074 0.5777777777777777 0.3074074074074074 0.7435185185185185
0 0.8027777777777778 0.39537037037037037 0.8361111111111111 0.39537037037037037 0.8361111111111111 0.25462962962962965 0.8027777777777778 0.25462962962962965 0.8027777777777778 0.39537037037037037
0 0.7574074074074074 0.7037037037037037 0.7972222222222223 0.7037037037037037 0.7972222222222223 0.6574074074074074 0.7574074074074074 0.6574074074074074 0.7574074074074074 0.7037037037037037
0 0.9277777777777778 0.7601851851851852 0.9990740740740741 0.7601851851851852 0.9990740740740741 0.6342592592592593 0.9277777777777778 0.6342592592592593 0.9277777777777778 0.7601851851851852
0 0.8907407407407407 0.49537037037037035 0.950925925925926 0.49537037037037035 0.950925925925926 0.4305555555555556 0.8907407407407407 0.4305555555555556 0.8907407407407407 0.49537037037037035
0 0.46944444444444444 0.8416666666666667 0.5611111111111111 0.8416666666666667 0.5611111111111111 0.6546296296296297 0.46944444444444444 0.6546296296296297 0.46944444444444444 0.8416666666666667