0 0.22879508938547485 0.5582247048417132 0.3675287951582868 0.5643906480446927 0.36667356331471135 0.5066625288640596 0.22793985754189947 0.50049658566108 0.22879508938547485 0.5582247048417132
0 0.7167528798882682 0.5212911238361266 0.8340713156424581 0.5265052765363128 0.8333126424581005 0.47529484823091245 0.7159942067039106 0.4700806955307263 0.7167528798882682 0.5212911238361266
0 0.2579626182495344 0.7056072830540038 0.31755293482309127 0.708255742085661 0.31571832495344504 0.5844196154562383 0.25612800837988825 0.581771156424581 0.2579626182495344 0.7056072830540038
0 0.812580177839851 0.7088557830540038 0.8777570865921788 0.7117525344506518 0.8758948891992551 0.5860542104283054 0.8107179804469273 0.5831574590316574 0.812580177839851 0.7088557830540038
0 0.3621077318435754 0.7009310986964618 0.42262914711359406 0.7036209394785847 0.4207669497206704 0.5779226154562384 0.36024553445065177 0.5752327746741154 0.3621077318435754 0.7009310986964618
0 0.4264018212290503 0.644237533519553 0.4822677430167598 0.6467204636871509 0.48061245623836124 0.5349886201117318 0.42474653445065175 0.532505689944134 0.4264018212290503 0.644237533519553
0 0.590813159217877 0.5622180837988827 0.6420235875232775 0.5644941033519553 0.6408097113594041 0.4825574180633147 0.5895992830540038 0.4802813985102421 0.590813159217877 0.5622180837988827
0 0.7151527690875232 0.6645147942271881 0.7775363817504656 0.6672873994413407 0.775881094972067 0.5555555558659218 0.7134974823091248 0.5527829506517691 0.7151527690875232 0.6645147942271881
0 0.6540795912476722 0.6245810055865921 0.7267052895716947 0.6278088147113594 0.7250913854748603 0.5188702672253259 0.652465687150838 0.5156424581005586 0.6540795912476722 0.6245810055865921
0 0.44511345623836124 0.5883095381750465 0.5028415754189944 0.5908752327746741 0.501682874301676 0.5126629422718808 0.4439547551210428 0.5100972476722532 0.44511345623836124 0.5883095381750465
0 0.3181529757914339 0.6859507551210428 0.34981033147113594 0.687357748603352 0.3494240977653631 0.6612869851024209 0.3177667420856611 0.6598799916201117 0.3181529757914339 0.6859507551210428