0 0.18871794903846156 0.4544871798076923 0.12333333365384616 0.4530341884615385 0.1299358971153846 0.55207265 0.1953205125 0.5535256413461538 0.18871794903846156 0.4544871798076923
0 1 0.5310826211538462 0.9349358971153846 0.5296367519230769 0.9410256413461539 0.6209829057692308 1 0.6222934471153847 1 0.5310826211538462
0 0.6896794875 0.4656196576923077 0.6396794875 0.4645085471153846 0.6450641028846154 0.5452777778846154 0.6950641028846154 0.5463888884615385 0.6896794875 0.4656196576923077
0 0.4998717951923077 0.42683760673076926 0.4421794875 0.42555555576923076 0.44756410288461534 0.5063247865384615 0.505256410576923 0.5076068375 0.4998717951923077 0.42683760673076926
0 0.9104487182692308 0.3351495730769231 0.8431410259615385 0.33365384615384613 0.8501282048076924 0.43846153846153846 0.9174358971153846 0.4399572653846154 0.9104487182692308 0.3351495730769231
0 0.3175641028846154 0.31333333365384614 0.20794871826923078 0.31089743557692306 0.215 0.41666666634615385 0.32461538461538464 0.4191025644230769 0.3175641028846154 0.31333333365384614
0 0.8071153846153846 0.5133547009615385 0.7474999999999999 0.512029914423077 0.7532051278846155 0.5976068375 0.8128205125000001 0.5989316240384615 0.8071153846153846 0.5133547009615385
0 0.2976282048076923 0.47514957307692307 0.23416666634615385 0.47373931634615385 0.24089743557692309 0.5747008548076923 0.30435897403846157 0.5761111115384616 0.2976282048076923 0.47514957307692307
0 0.4073076923076923 0.44974358942307696 0.3553846153846154 0.4485897432692308 0.3613461538461539 0.5380128201923077 0.4132692307692308 0.5391666663461538 0.4073076923076923 0.44974358942307696
0 0.9032051278846154 0.5289316240384615 0.8397435894230769 0.5275213673076923 0.8465384615384615 0.6294444442307692 0.91 0.6308547009615385 0.9032051278846154 0.5289316240384615
0 0.7274358971153846 0.5711111115384615 0.6764743586538461 0.5699786326923078 0.6813461538461538 0.6430555557692308 0.7323076923076923 0.6441880346153847 0.7274358971153846 0.5711111115384615