0 0.10555555555555556 0.5537037037037037 0.1685185185185185 0.5537037037037037 0.1685185185185185 0.4583333333333333 0.10555555555555556 0.4583333333333333 0.10555555555555556 0.5537037037037037
0 0.8833333333333333 0.6027777777777777 0.95 0.6027777777777777 0.95 0.5148148148148148 0.8833333333333333 0.5148148148148148 0.8833333333333333 0.6027777777777777
0 0.6027777777777777 0.5361111111111111 0.6509259259259259 0.5361111111111111 0.6509259259259259 0.4583333333333333 0.6027777777777777 0.4583333333333333 0.6027777777777777 0.5361111111111111
0 0.4148148148148148 0.5027777777777778 0.4703703703703704 0.5027777777777778 0.4703703703703704 0.425 0.4148148148148148 0.425 0.4148148148148148 0.5027777777777778
0 0.8074074074074075 0.4287037037037037 0.8722222222222222 0.4287037037037037 0.8722222222222222 0.3277777777777778 0.8074074074074075 0.3277777777777778 0.8074074074074075 0.4287037037037037
0 0.1962962962962963 0.4212962962962963 0.30185185185185187 0.4212962962962963 0.30185185185185187 0.3194444444444444 0.1962962962962963 0.3194444444444444 0.1962962962962963 0.4212962962962963
0 0.7037037037037037 0.5842592592592593 0.7611111111111111 0.5842592592592593 0.7611111111111111 0.5018518518518519 0.7037037037037037 0.5018518518518519 0.7037037037037037 0.5842592592592593
0 0.2111111111111111 0.5731481481481482 0.2722222222222222 0.5731481481481482 0.2722222222222222 0.4759259259259259 0.2111111111111111 0.4759259259259259 0.2111111111111111 0.5731481481481482
0 0.3296296296296296 0.5351851851851852 0.37962962962962965 0.5351851851851852 0.37962962962962965 0.44907407407407407 0.3296296296296296 0.44907407407407407 0.3296296296296296 0.5351851851851852
0 0.7916666666666666 0.6129629629629629 0.8527777777777777 0.6129629629629629 0.8527777777777777 0.5148148148148148 0.7916666666666666 0.5148148148148148 0.7916666666666666 0.6129629629629629
0 0.6314814814814815 0.6296296296296297 0.6805555555555556 0.6296296296296297 0.6805555555555556 0.5592592592592592 0.6314814814814815 0.5592592592592592 0.6314814814814815 0.6296296296296297