0 0.13425925925925927 0.20861172976985895 0.24444444444444444 0.20861172976985895 0.24444444444444444 0.14402375649591687 0.13425925925925927 0.14402375649591687 0.13425925925925927 0.20861172976985895
0 0.14814814814814814 0.5352635486265775 0.32314814814814813 0.5352635486265775 0.32314814814814813 0.4729027468448404 0.14814814814814814 0.4729027468448404 0.14814814814814814 0.5352635486265775
0 0.5083333333333333 0.7980697847067557 0.6101851851851852 0.7980697847067557 0.6101851851851852 0.6057906458797327 0.5083333333333333 0.6057906458797327 0.5083333333333333 0.7980697847067557
0 0.13333333333333333 0.7928730512249443 0.20925925925925926 0.7928730512249443 0.20925925925925926 0.6095025983667409 0.13333333333333333 0.6095025983667409 0.13333333333333333 0.7928730512249443
0 0.5537037037037037 0.5486265775798069 0.7842592592592592 0.5486265775798069 0.7842592592592592 0.3749072011878248 0.5537037037037037 0.3749072011878248 0.5537037037037037 0.5486265775798069
0 0.33055555555555555 0.7765404602821084 0.4583333333333333 0.7765404602821084 0.4583333333333333 0.5894580549368968 0.33055555555555555 0.5894580549368968 0.33055555555555555 0.7765404602821084
0 0.6768518518518518 0.4602821083890126 0.862037037037037 0.4602821083890126 0.862037037037037 0.3014105419450631 0.6768518518518518 0.3014105419450631 0.6768518518518518 0.4602821083890126
0 0.7287037037037037 0.8084632516703786 0.8416666666666667 0.8084632516703786 0.8416666666666667 0.6510764662212324 0.7287037037037037 0.6510764662212324 0.7287037037037037 0.8084632516703786
0 0.24722222222222223 0.08314773570898293 0.3175925925925926 0.08314773570898293 0.3175925925925926 0.008908685968819599 0.24722222222222223 0.008908685968819599 0.24722222222222223 0.08314773570898293
0 0.15925925925925927 0 0.15925925925925927 0.05790645879732739 0.22962962962962963 0.05790645879732739 0.22962962962962963 0 0.15925925925925927 0
0 0.28055555555555556 0.15219005196733482 0.3675925925925926 0.15219005196733482 0.3675925925925926 0.07646622123236822 0.28055555555555556 0.07646622123236822 0.28055555555555556 0.15219005196733482
0 0.6231481481481481 0.8188567186340014 0.7314814814814815 0.8188567186340014 0.7314814814814815 0.6191536748329621 0.6231481481481481 0.6191536748329621 0.6231481481481481 0.8188567186340014