0 0.7944444444444444 0.4074074074074074 0.875 0.4074074074074074 0.875 0.30925925925925923 0.7944444444444444 0.30925925925925923 0.7944444444444444 0.4074074074074074
0 0.21388888888888888 0.7796296296296297 0.3990740740740741 0.7796296296296297 0.3990740740740741 0.387037037037037 0.21388888888888888 0.387037037037037 0.21388888888888888 0.7796296296296297
0 0.4981481481481482 0.6990740740740741 0.6342592592592593 0.6990740740740741 0.6342592592592593 0.42592592592592593 0.4981481481481482 0.42592592592592593 0.4981481481481482 0.6990740740740741
0 0.8972222222222223 0.3712962962962963 0.9824074074074074 0.3712962962962963 0.9824074074074074 0.275 0.8972222222222223 0.275 0.8972222222222223 0.3712962962962963
0 0.6953703703703704 0.4675925925925926 0.7694444444444445 0.4675925925925926 0.7694444444444445 0.3648148148148148 0.6953703703703704 0.3648148148148148 0.6953703703703704 0.4675925925925926
0 0.023148148148148147 0.43796296296296294 0.11851851851851852 0.43796296296296294 0.11851851851851852 0.3351851851851852 0.023148148148148147 0.3351851851851852 0.023148148148148147 0.43796296296296294
0 0.6240740740740741 0.7361111111111112 0.774074074074074 0.7361111111111112 0.774074074074074 0.3648148148148148 0.6240740740740741 0.3648148148148148 0.6240740740740741 0.7361111111111112
0 0.17777777777777778 0.4425925925925926 0.2574074074074074 0.4425925925925926 0.2574074074074074 0.34629629629629627 0.17777777777777778 0.34629629629629627 0.17777777777777778 0.4425925925925926
0 0.4046296296296296 0.5157407407407407 0.45925925925925926 0.5157407407407407 0.45925925925925926 0.4351851851851852 0.4046296296296296 0.4351851851851852 0.4046296296296296 0.5157407407407407
0 0.3712962962962963 0.7277777777777777 0.5018518518518519 0.7277777777777777 0.5018518518518519 0.4361111111111111 0.3712962962962963 0.4361111111111111 0.3712962962962963 0.7277777777777777
0 0.06481481481481481 0.7657407407407407 0.27685185185185185 0.7657407407407407 0.27685185185185185 0.3453703703703704 0.06481481481481481 0.3453703703703704 0.06481481481481481 0.7657407407407407
0 0.30092592592592593 0.48518518518518516 0.375 0.48518518518518516 0.375 0.38796296296296295 0.30092592592592593 0.38796296296296295 0.30092592592592593 0.48518518518518516